SENDER_PUBLIC_KEY=2vZ4DNpu1TokeHFSb8mp7ZCYuYb5QhdaPwncgZT2S4te
SENDER_SECRET_KEY="[
   16, 103, 231, 106, 253,  15, 191, 242, 219, 209,  15,
   88, 176, 242,  43, 115,   0, 248, 239, 244, 132, 177,
   68, 226, 110, 239, 178, 109,  29, 178,  89, 252,  28,
  147, 183,   8,  24,  38, 157,  44,  25, 115, 122,  32,
  122,  74, 233, 167,  33,  89, 186,  57, 229, 251, 104,
  183,  53, 168, 107, 144, 191, 168,  14, 215
]"
RECEIVER_PUBLIC_KEY=3fyFpM2AfuUBwhrMvN42KpkHzB9DistmQdERheEFZSYK
RECEIVER_SECRET_KEY="[
    1, 108, 147, 149, 114, 217, 119, 165,  80, 180,  64,
  115, 226, 152,  49, 230, 153,  88, 130, 136, 208, 251,
  139,  10, 222, 158,  60, 237, 143, 158, 252, 138,  39,
  179,  13, 135,   4, 240,  33, 118,  39, 249, 245,  77,
    8, 161,   0, 213, 214, 123, 233, 100, 242,  97, 130,
   40,   9, 250, 236, 213, 195, 167, 129, 220
]"